*Vertices 60
1 "f1" 0.3453 0.6256 0.5
2 "f2" 0.4557 0.672 0.5
3 "f3" 0.5077 0.7262 0.5
4 "f4" 0.4794 0.394 0.5
5 "f6" 0.4687 0.5065 0.5
6 "f7" 0.3761 0.4186 0.5
7 "f9" 0.5502 0.3079 0.5
8 "f11" 0.2726 0.5154 0.5
9 "f18" 0.3946 0.5543 0.5
10 "f33" 0.3618 0.7221 0.5
11 "f35" 0.3605 0.4953 0.5
12 "f36" 0.6976 0.5924 0.5
13 "f37" 0.5557 0.7713 0.5
14 "f41" 0.0434 0.5298 0.5
15 "f42" 0.6482 0.6616 0.5
16 "f43" 0.6879 0.716 0.5
17 "f44" 0.6009 0.7252 0.5
18 "f45" 0.6076 0.4664 0.5
19 "f46" 0.7806 0.741 0.5
20 "f47" 0.7493 0.657 0.5
21 "f48" 0.6115 0.5686 0.5
22 "f49" 0.5598 0.4573 0.5
23 "f51" 0.6536 0.4159 0.5
24 "f52" 0.6613 0.3617 0.5
25 "f53" 0.614 0.3082 0.5
26 "f56" 0.7365 0.5789 0.5
27 "f58" 0.8302 0.6929 0.5
28 "f59" 0.8894 0.7923 0.5
29 "f61" 0.9334 0.6134 0.5
30 "f62" 0.9037 0.41 0.5
31 "f63" 0.708 0.7569 0.5
32 "f65a" 0.4815 0.5384 0.5
33 "f65b" 0.688 0.5297 0.5
34 "f67" 0.1588 0.7821 0.5
35 "f68" 0.5878 0.6209 0.5
36 "f70" 0.5069 0.6583 0.5
37 "f71" 0.9566 0.505 0.5
38 "f72" 0.9191 0.5705 0.5
39 "f73" 0.8592 0.4709 0.5
40 "f74" 0.4728 0.7861 0.5
41 "f75" 0.6072 0.8277 0.5
42 "f76" 0.3903 0.6628 0.5
43 "f77" 0.7943 0.6092 0.5
44 "f78" 0.4002 0.8118 0.5
45 "f79" 0.4615 0.5977 0.5
46 "f81" 0.5269 0.8283 0.5
47 "f82" 0.6487 0.5438 0.5
48 "f83" 0.7721 0.4457 0.5
49 "f84" 0.8173 0.3782 0.5
50 "f85" 0.7646 0.3333 0.5
51 "f86" 0.547 0.5007 0.5
52 "f87" 0.5285 0.5876 0.5
53 "f88" 0.7194 0.4588 0.5
54 "f90" 0.839 0.5181 0.5
55 "f91" 0.734 0.3769 0.5
56 "f92" 0.641 0.4978 0.5
57 "f93" 0.6401 0.7564 0.5
58 "f97" 0.7821 0.5253 0.5
59 "f98" 0.1549 0.4776 0.5
60 "f99" 0.0764 0.3833 0.5
*Arcs
38 54 2
37 38 2
38 43 1
37 38 2
37 54 2
30 37 2
30 37 2
30 54 2
30 48 1
37 54 2
30 54 2
53 54 1
19 31 1
19 20 1
12 19 1
19 28 1
27 28 1
19 31 1
31 35 1
31 46 1
19 20 1
20 47 1
20 21 1
27 31 1
19 27 1
20 27 1
40 46 2
40 42 1
15 57 2
41 57 2
40 57 2
26 54 1
26 57 1
15 26 1
32 45 1
32 35 1
32 51 1
41 57 2
40 41 1
43 53 1
15 43 3
13 35 2
40 44 2
44 46 2
42 44 2
35 36 1
1 36 2
15 36 1
10 40 1
9 10 1
10 45 1
4 18 2
4 5 1
4 6 2
18 35 1
15 41 2
15 47 2
15 35 1
12 35 1
12 53 1
12 18 1
32 45 1
45 51 1
42 45 1
42 45 1
42 44 2
1 42 1
17 35 1
16 17 1
15 17 1
44 46 2
40 46 2
2 46 1
2 46 1
2 3 1
1 2 1
2 3 1
3 35 1
3 17 1
17 35 1
15 35 1
18 35 1
1 2 1
1 42 1
1 8 1
8 59 1
6 8 1
9 35 1
5 9 1
9 11 1
9 10 1
6 8 1
5 6 3
22 35 1
21 22 1
22 23 1
4 7 1
7 23 1
8 11 1
6 11 1
5 11 1
23 53 1
23 26 1
23 24 2
18 24 1
7 24 1
24 53 1
23 24 2
24 25 1
22 25 1
23 25 1
29 37 1
27 29 1
29 39 1
47 48 1
48 53 1
39 48 3
48 49 1
39 49 1
49 53 1
15 47 2
5 47 3
47 58 1
27 58 1
53 58 1
39 49 1
39 48 3
39 53 1
47 52 1
42 52 1
51 52 2
33 35 1
33 53 1
33 56 1
5 47 3
5 42 1
5 51 1
21 47 1
21 32 1
21 51 1
39 53 1
53 56 2
51 53 1
15 16 1
16 17 1
16 35 1
50 53 1
48 50 1
50 55 1
53 56 2
35 56 1
51 56 1
50 55 1
18 55 1
54 55 1
2 51 1
51 52 2
14 59 2
59 60 2
14 59 2
59 60 2
54 38 2
38 37 2
43 38 1
38 37 2
54 37 2
37 30 2
37 30 2
54 30 2
48 30 1
54 37 2
54 30 2
54 53 1
31 19 1
20 19 1
19 12 1
28 19 1
28 27 1
31 19 1
35 31 1
46 31 1
20 19 1
47 20 1
21 20 1
31 27 1
27 19 1
27 20 1
46 40 2
42 40 1
57 15 2
57 41 2
57 40 2
54 26 1
57 26 1
26 15 1
45 32 1
35 32 1
51 32 1
57 41 2
41 40 1
53 43 1
43 15 3
35 13 2
44 40 2
46 44 2
44 42 2
36 35 1
36 1 2
36 15 1
40 10 1
10 9 1
45 10 1
18 4 2
5 4 1
6 4 2
35 18 1
41 15 2
47 15 2
35 15 1
35 12 1
53 12 1
18 12 1
45 32 1
51 45 1
45 42 1
45 42 1
44 42 2
42 1 1
35 17 1
17 16 1
17 15 1
46 44 2
46 40 2
46 2 1
46 2 1
3 2 1
2 1 1
3 2 1
35 3 1
17 3 1
35 17 1
35 15 1
35 18 1
2 1 1
42 1 1
8 1 1
59 8 1
8 6 1
35 9 1
9 5 1
11 9 1
10 9 1
8 6 1
6 5 3
35 22 1
22 21 1
23 22 1
7 4 1
23 7 1
11 8 1
11 6 1
11 5 1
53 23 1
26 23 1
24 23 2
24 18 1
24 7 1
53 24 1
24 23 2
25 24 1
25 22 1
25 23 1
37 29 1
29 27 1
39 29 1
48 47 1
53 48 1
48 39 3
49 48 1
49 39 1
53 49 1
47 15 2
47 5 3
58 47 1
58 27 1
58 53 1
49 39 1
48 39 3
53 39 1
52 47 1
52 42 1
52 51 2
35 33 1
53 33 1
56 33 1
47 5 3
42 5 1
51 5 1
47 21 1
32 21 1
51 21 1
53 39 1
56 53 2
53 51 1
16 15 1
17 16 1
35 16 1
53 50 1
50 48 1
55 50 1
56 53 2
56 35 1
56 51 1
55 50 1
55 18 1
55 54 1
51 2 1
52 51 2
59 14 2
60 59 2
59 14 2
60 59 2
